964492754174.44396972656250000000 1792.86200000000008003553  77419610.00000000000000000000  9686.25200000000040745363  482212400000.00000000000000000000  
959682228838.30163574218750000000 1785.02299999999991086952  77025650.00000000000000000000  9652.07400000000052386895  479807200000.00000000000000000000  
945394456944.72119140625000000000 1762.05799999999999272404  75851260.00000000000000000000  9551.36299999999937426765  472663500000.00000000000000000000  
922052653408.34484863281250000000 1724.57699999999999818101  73930970.00000000000000000000  9386.76300000000082945917  460992900000.00000000000000000000  
890339041044.36645507812500000000 1674.15900000000010550139  71313910.00000000000000000000  9164.06999999999970896170  445136500000.00000000000000000000  
851161851499.60375976562500000000 1612.51600000000007639755  68070820.00000000000000000000  8889.96899999999914143700  425548400000.00000000000000000000  
805611922072.64111328125000000000 1541.75000000000000000000  64288070.00000000000000000000  8572.40999999999985448085  402774000000.00000000000000000000  
754912893085.30871582031250000000 1464.57899999999995088729  60060230.00000000000000000000  8221.17499999999927240424  377425100000.00000000000000000000  
700365404486.80529785156250000000 1383.17800000000011095835  55501200.00000000000000000000  7844.10099999999965802999  350152000000.00000000000000000000  
643294290323.74108886718750000000 1300.05999999999994543032  50727770.00000000000000000000  7449.38699999999971623765  321617100000.00000000000000000000  
584994376935.00830078125000000000 1217.48800000000005638867  45860570.00000000000000000000  7043.90099999999983992893  292467800000.00000000000000000000  
526684871611.28344726562500000000 1137.42499999999995452526  41018320.00000000000000000000  6632.75500000000010913936  263313700000.00000000000000000000  
469468971053.82672119140625000000 1061.38000000000010913936  36311440.00000000000000000000  6219.51199999999971623765  234706400000.00000000000000000000  
414304852533.31933593750000000000 990.34870000000000800355  31836040.00000000000000000000  5806.10300000000006548362  207125000000.00000000000000000000  
361984888787.12176513671875000000 924.79060000000004038156  27666420.00000000000000000000  5393.88199999999960709829  180965700000.00000000000000000000  
313124865392.24792480468750000000 864.85990000000003874447  23849480.00000000000000000000  4985.14300000000002910383  156536400000.00000000000000000000  
268164947415.06048583984375000000 810.15030000000001564331  20412540.00000000000000000000  4580.76800000000002910383  134057200000.00000000000000000000  
227375277754.02041625976562500000 761.64559999999994488462  17345580.00000000000000000000  4191.58100000000013096724  113663100000.00000000000000000000  
190871847445.53881835937500000000 721.01480000000003656169  14638340.00000000000000000000  3827.96300000000019281288  95412000000.00000000000000000000  
158634418039.03732299804687500000 695.35419999999999163265  12273000.00000000000000000000  3517.02700000000004365575  79293460000.00000000000000000000  
130529892126.49105834960937500000 696.63779999999997016857  10278580.00000000000000000000  3282.14100000000007639755  65240480000.00000000000000000000  
106335829453.40617370605468750000 744.47130000000004201866  8718852.00000000000000000000  3137.34799999999995634425  53141190000.00000000000000000000  
85764258716.32943725585937500000 857.12800000000004274625  7546391.00000000000000000000  3070.76800000000002910383  42850970000.00000000000000000000  
68484147827.39303588867187500000 1028.81199999999989813659  6513422.00000000000000000000  3047.17500000000018189894  34204070000.00000000000000000000  
54141564170.46353912353515625000 1231.58699999999998908606  5500571.00000000000000000000  3017.36700000000018917490  27023720000.00000000000000000000  
42376860584.13838958740234375000 1424.11599999999998544808  4529678.00000000000000000000  2935.31800000000021100277  21130600000.00000000000000000000  
32838522708.91532897949218750000 1559.69699999999988904165  3642403.00000000000000000000  2774.28200000000015279511  16349660000.00000000000000000000  
25193915219.39437103271484375000 1601.74800000000004729372  2868033.00000000000000000000  2528.90999999999985448085  12515400000.00000000000000000000  
19136591440.20327377319335937500 1537.72499999999990905053  2217570.00000000000000000000  2213.21599999999989449861  9475428000.00000000000000000000  
14390988339.49063110351562500000 1384.07500000000004547474  1687667.00000000000000000000  1856.09799999999995634425  7092710000.00000000000000000000  
10714545013.83736038208007812500 1179.12200000000007094059  1266470.00000000000000000000  1493.97499999999990905053  5246539000.00000000000000000000  
7897941819.55472660064697265625 966.47140000000001691660  938368.50000000000000000000  1160.74399999999991450750  3832633000.00000000000000000000  
5763829996.95687770843505859375 779.36540000000002237357  687104.30000000004656612873  878.38810000000000854925  2762480000.00000000000000000000  
4164525429.55587387084960937500 632.63699999999994361133  497518.90000000002328306437  653.39419999999995525286  1962693000.00000000000000000000  
2979043051.44441461563110351562 524.80669999999997799023  356383.20000000001164153218  480.49110000000001718945  1373603000.00000000000000000000  
2109819097.67065548896789550781 452.89139999999997598934  252640.50000000000000000000  350.01220000000000709406  944323500.00000000000000000000  
1479349201.57356762886047363281 407.42939999999998690328  177269.79999999998835846782  250.90680000000000404725  635756500.00000000000000000000  
1026959297.27979207038879394531 372.25970000000000936780  123124.30000000000291038305  174.31759999999999877218  417870700.00000000000000000000  
705818113.20774066448211669922 321.72250000000002501110  84653.19999999999708961695  114.41910000000000025011  267231800.00000000000000000000  
480274364.15623873472213745117 222.83039999999999736247  57616.08999999999650754035  64.91996000000000321961  164074500.00000000000000000000  
