5423741343.91619491577148437500 32425.02000000000043655746  634493.80000000004656612873  52.08104000000000155524  2709809000.00000000000000000000  
5396689603.57232856750488281250 32087.40000000000145519152  631344.19999999995343387127  52.00961000000000211685  2696292000.00000000000000000000  
5316342815.14227676391601562500 31092.41999999999825377017  621989.19999999995343387127  51.79905000000000114824  2656145000.00000000000000000000  
5185082298.74860763549804687500 29492.02000000000043655746  606704.69999999995343387127  51.45797999999999916554  2590558000.00000000000000000000  
5006744210.37170410156250000000 27368.58000000000174622983  585936.00000000000000000000  51.00256999999999862894  2501448000.00000000000000000000  
4786435525.81435108184814453125 24831.95999999999912688509  560275.69999999995343387127  50.45221999999999695774  2391367000.00000000000000000000  
4530289989.57147598266601562500 22008.22999999999956344254  530436.50000000000000000000  49.83556000000000096861  2263380000.00000000000000000000  
4245186085.60572671890258789062 19035.36000000000058207661  497218.00000000000000000000  49.18283000000000271257  2120924000.00000000000000000000  
3938444963.54032516479492187500 16052.53000000000065483619  461472.09999999997671693563  48.53126000000000317414  1967657000.00000000000000000000  
3617508444.79300451278686523438 13191.57999999999992724042  424067.29999999998835846782  47.91711999999999704869  1807297000.00000000000000000000  
3289665032.90558147430419921875 10569.34000000000014551915  385854.50000000000000000000  47.37102000000000145974  1643485000.00000000000000000000  
2961765758.66648244857788085938 8274.96700000000055297278  347637.40000000002328306437  46.90509999999999735110  1479643000.00000000000000000000  
2640018306.36135005950927734375 6366.86800000000039290171  310145.50000000000000000000  46.48805000000000120508  1318871000.00000000000000000000  
2329808597.38574361801147460938 4861.36399999999957799446  274013.70000000001164153218  46.03412000000000148248  1163858000.00000000000000000000  
2035590702.24297332763671875000 3738.84299999999984720489  239765.39999999999417923391  45.38564999999999827196  1016827000.00000000000000000000  
1760830910.16819953918457031250 2953.41800000000012005330  207801.70000000001164153218  44.35669999999999646434  879507100.00000000000000000000  
1508002306.02476620674133300781 2429.98599999999987630872  178385.20000000001164153218  42.84582999999999941565  753133200.00000000000000000000  
1278625717.20717859268188476562 2121.51699999999982537702  151662.50000000000000000000  40.78800999999999987722  638462000.00000000000000000000  
1073351343.24060142040252685547 1957.21399999999994179234  127655.80000000000291038305  38.29234999999999899956  535821400.00000000000000000000  
892066803.21115481853485107422 1912.90100000000006730261  106332.00000000000000000000  35.43798000000000314458  445153900.00000000000000000000  
734023562.73798155784606933594 1921.47900000000004183676  87617.30999999999767169356  32.46003999999999933834  366093900.00000000000000000000  
597970364.08607113361358642578 1936.48299999999994724931  71426.11000000000058207661  29.53003999999999962256  298022000.00000000000000000000  
482287747.36528807878494262695 1920.74800000000004729372  57624.91000000000349245965  26.75993000000000066052  240133900.00000000000000000000  
385114559.82857632637023925781 1835.87200000000007094059  46022.91999999999825377017  24.22312000000000153932  191507200.00000000000000000000  
304460467.05429631471633911133 1669.74299999999993815436  36391.80999999999767169356  21.91012999999999877332  151154300.00000000000000000000  
238302532.07028460502624511719 1437.69900000000006912160  28491.31000000000130967237  19.75715999999999894499  118069600.00000000000000000000  
184664566.62183663249015808105 1172.14300000000002910383  22085.13999999999941792339  17.68174000000000134492  91268390.00000000000000000000  
141675751.16633516550064086914 908.01990000000000691216  16949.59000000000014551915  15.61467000000000027171  69815790.00000000000000000000  
107612949.41268110275268554688 672.13829999999995834514  12878.88999999999941792339  13.52290999999999954184  52848060.00000000000000000000  
80926480.71823653578758239746 478.79129999999997835403  9688.31899999999950523488  11.42403000000000012903  39586060.00000000000000000000  
60252317.99825161695480346680 331.01630000000000109139  7215.41799999999966530595  9.38450800000000029399  29342230.00000000000000000000  
44413398.26395455002784729004 224.21449999999998681233  5320.03200000000015279511  7.49726800000000004331  21522150.00000000000000000000  
32412400.91209073737263679504 150.22870000000000345608  3883.34900000000016007107  5.84544900000000033913  15621700.00000000000000000000  
23418849.50611870735883712769 100.03400000000000602540  2806.32700000000022555469  4.47172000000000036124  11222530.00000000000000000000  
16752392.92949393764138221741 66.11173999999999750798  2007.75000000000000000000  3.37278799999999989723  7982878.00000000000000000000  
11864384.26229128427803516388 44.30107999999999890406  1422.08300000000008367351  2.52304700000000003968  5620569.00000000000000000000  
8318992.38295441959053277969 30.12956000000000145178  997.20820000000003346941  1.87570900000000007068  3917194.00000000000000000000  
5775015.43987252749502658844 20.64751000000000047407  692.29579999999998562998  1.38416300000000003223  2703403.00000000000000000000  
3969105.96623188396915793419 14.16399999999999970157  475.81900000000001682565  1.01115599999999994374  1848334.00000000000000000000  
2700780.97065256442874670029 9.81328399999999945180  323.77300000000002455636  0.72966430000000004341  1251043.00000000000000000000  
