171496591868474.96875000000000000000 0.00000105053900000000  0.00000098138560000000  0.00123522200000000001  
170641249211467.68750000000000000000 0.00000106918300000000  0.00000100014900000000  0.00123611199999999993  
168100718068861.25000000000000000000 0.00000112484500000000  0.00000105635500000000  0.00123865900000000003  
163950310458853.18750000000000000000 0.00000121686900000000  0.00000114972500000000  0.00124254599999999997  
158311297669778.15625000000000000000 0.00000134408100000000  0.00000127969500000000  0.00124737000000000003  
151345215675816.93750000000000000000 0.00000150484800000000  0.00000144518400000000  0.00125280399999999994  
143245989140152.25000000000000000000 0.00000169710600000000  0.00000164451100000000  0.00125855900000000002  
134231153811434.09375000000000000000 0.00000191839200000000  0.00000187543400000000  0.00126448800000000003  
124532075396249.79687500000000000000 0.00000216586300000000  0.00000213483400000000  0.00127047300000000004  
114384251838202.79687500000000000000 0.00000243758200000000  0.00000242047900000000  0.00127649199999999995  
104017933137902.57812500000000000000 0.00000273631200000000  0.00000273530800000000  0.00128263000000000010  
93649903928701.73437500000000000000 0.00000307707400000000  0.00000309687400000000  0.00128935100000000000  
83476353748885.95312500000000000000 0.00000351035100000000  0.00000356618100000000  0.00129797900000000010  
73667623647877.35937500000000000000 0.00000416459400000000  0.00000430529100000000  0.00131182299999999994  
64364575243743.74218750000000000000 0.00000531383300000000  0.00000568761200000000  0.00133859400000000003  
55676785969138.14062500000000000000 0.00000743184500000000  0.00000845989600000000  0.00139475400000000000  
47682447491932.25000000000000000000 0.00001108561000000000  0.00001377011000000000  0.00151294300000000010  
40429648579193.48437500000000000000 0.00001709338000000000  0.00002356077000000000  0.00177254499999999994  
33938960113868.43750000000000000000 0.00002825791000000000  0.00004197023000000000  0.00194541799999999997  
28206800071855.71875000000000000000 0.00004638121000000000  0.00007391903000000000  0.00228877399999999993  
23209546982029.40625000000000000000 0.00007462141000000000  0.00012482670000000000  0.00314563300000000011  
18907588613351.85156250000000000000 0.00011961710000000000  0.00020294439999999999  0.00485253499999999983  
15249752933506.15625000000000000000 0.00018950510000000000  0.00031765340000000002  0.00795238199999999916  
12177175452477.00390625000000000000 0.00029128790000000003  0.00047580320000000003  0.01322453999999999991  
9626919682965.06250000000000000000 0.00043249260000000002  0.00068227890000000001  0.02223237999999999950  
7535034995289.45117187500000000000 0.00062557320000000000  0.00094338880000000003  0.03942150999999999988  
5839021455100.79199218750000000000 0.00090271980000000002  0.00128129099999999994  0.08531898000000000259  
4479732596061.40820312500000000000 0.00136810399999999998  0.00178490000000000007  0.58954390000000000960  
3402680083127.46875000000000000000 0.00204929199999999987  0.00263927400000000005  2.08002500000000001279  
2558862922192.28857421875000000000 0.00362755899999999982  0.00466706400000000028  4.05786200000000008004  
1905154940801.45239257812500000000 0.00777460700000000022  0.00997722199999999913  11.67963999999999913371  
1404334334756.17944335937500000000 0.01841105000000000172  0.02347074000000000035  162.72470000000001277840  
1024867624008.58068847656250000000 0.04347219000000000083  0.05533806000000000141  269.69720000000000936780  
740494895378.90454101562500000000 0.09673007999999999607  0.12275049999999999850  386.63060000000001537046  
529704220549.66394042968750000000 0.19220809999999999285  0.24204010000000000802  486.64389999999997371560  
375147225778.53277587890625000000 0.36302230000000001997  0.45196370000000002376  567.21439999999995507096  
263043306798.04357910156250000000 0.66502530000000004140  0.80630760000000001320  633.17980000000000018190  
182603768694.63253784179687500000 1.22278500000000001080  1.37452899999999988978  660.79960000000005493348  
125501622437.76852416992187500000 2.23515400000000008518  2.19659100000000018227  629.01919999999995525286  
85397656146.86430358886718750000 5.06431200000000014683  3.74404599999999998516  556.73130000000003292371  
