964396193347.61596679687500000000 0.07320593000000000239  0.00002904565000000000  0.01005847999999999985  
959586139061.52490234375000000000 0.07302736999999999423  0.00002908575000000000  0.01004290000000000044  
945299787075.88293457031250000000 0.07249762999999999347  0.00002920941000000000  0.00999746599999999999  
921960369380.63769531250000000000 0.07163540000000000185  0.00002942676000000000  0.00992392199999999995  
890249937367.29309082031250000000 0.07046934000000000531  0.00002975531000000000  0.00982636299999999942  
851076558309.48132324218750000000 0.06904182999999999848  0.00003022050000000000  0.00970973299999999991  
805531310453.29235839843750000000 0.06741152000000000255  0.00003085645000000000  0.00958315099999999982  
754837278406.08776855468750000000 0.06564076000000000632  0.00003170720000000000  0.00945632300000000085  
700295338763.37182617187500000000 0.06381332000000000670  0.00003282362000000000  0.00934385899999999950  
643229955451.36633300781250000000 0.06200801000000000229  0.00003426397000000000  0.00926278500000000081  
584935774826.45751953125000000000 0.06031679999999999681  0.00003609374000000000  0.00923493499999999967  
526632007628.91864013671875000000 0.05881833999999999674  0.00003837404000000000  0.00928587600000000020  
469422042686.22454833984375000000 0.05758051000000000141  0.00004116704000000000  0.00944573500000000024  
414263436302.42199707031250000000 0.05666057000000000038  0.00004451972000000000  0.00975217299999999940  
361948539195.28930664062500000000 0.05611197999999999880  0.00004847523000000000  0.01025592999999999991  
313093527740.53314208984375000000 0.05603969999999999785  0.00005310101000000000  0.01104066000000000075  
268138146624.24472045898437500000 0.05655290999999999790  0.00005841916000000000  0.01223035999999999915  
227352628185.61291503906250000000 0.05820369999999999711  0.00006490055000000000  0.01416368999999999961  
190852748326.19387817382812500000 0.06204942000000000096  0.00007340559000000001  0.01761773000000000158  
158618527229.50637817382812500000 0.07178679000000000310  0.00008695436999999999  0.02541221999999999925  
130516828411.58757019042968750000 0.09900077000000000182  0.00011214540000000001  0.04914591000000000098  
106325182230.94970703125000000000 0.20526780000000000026  0.00016437989999999999  0.14388360000000000039  
85755673808.70950317382812500000 1.00221599999999999575  0.00028034069999999998  0.15227089999999998682  
68477300423.25343322753906250000 1.94089700000000009439  0.00054716849999999996  0.17757400000000000961  
54136157601.39663696289062500000 2.54998799999999992139  0.00113076100000000009  0.23876400000000000401  
42372604850.53278350830078125000 3.14437400000000000233  0.00229799500000000016  0.31776749999999998053  
32835230255.75498580932617187500 3.71464000000000016399  0.00437981099999999995  0.40624230000000000063  
25191392849.90805053710937500000 4.26145200000000023977  0.00783703699999999982  0.50089479999999997339  
19134675572.48816680908203125000 4.79272299999999962239  0.01330195999999999983  0.60221489999999999743  
14389548085.47276496887207031250 5.31450599999999973022  0.02147699999999999956  0.71216659999999998298  
10713474116.01625442504882812500 5.82576400000000038659  0.03303912999999999989  0.83571589999999995602  
7897151516.97380256652832031250 6.30001700000000042223  0.04850824000000000108  0.97958829999999996740  
5763253405.87123489379882812500 6.66972599999999982145  0.06803225000000000244  1.14972500000000010800  
4164108463.61624336242675781250 6.80104799999999976023  0.09041383000000000059  1.34073700000000006760  
2978745255.89658164978027343750 6.54092900000000021521  0.11188180000000000347  1.52471700000000010000  
2109608098.90480971336364746094 5.95432800000000028717  0.13183919999999998973  1.71841299999999996828  
1479201038.81738352775573730469 5.06304100000000012471  0.14657990000000001296  1.90416999999999991822  
1026856498.03220546245574951172 3.96221099999999992747  0.15042130000000000778  2.02671499999999982222  
705747549.08971703052520751953 2.85762299999999980216  0.14027999999999998804  2.01697399999999982256  
480226205.36025005578994750977 1.93085299999999993048  0.12055710000000000037  1.86122399999999998954  
