5423199142.45432758331298828125 0.14074619999999998798  0.00003242927000000000  0.06187026000000000331  
5396149998.75078201293945312500 0.14036789999999998990  0.00003243061000000000  0.06174791999999999781  
5315811141.29601383209228515625 0.13924500000000000766  0.00003243556000000000  0.06137631000000000336  
5184563984.49448966979980468750 0.13739870000000001249  0.00003244407000000000  0.06075910000000000338  
5006242951.21269226074218750000 0.13486470000000000402  0.00003245848000000000  0.05989988000000000257  
4785955348.70088005065917968750 0.13169320000000001025  0.00003248143000000000  0.05880671999999999983  
4529835308.15927124023437500000 0.12794800000000000617  0.00003251837000000000  0.05748836999999999697  
4244761751.18513822555541992188 0.12370829999999999327  0.00003257834000000000  0.05596012000000000208  
3938050317.37224102020263671875 0.11906010000000000204  0.00003267746000000000  0.05424907999999999814  
3617147281.88207435607910156250 0.11410499999999999809  0.00003284207000000000  0.05239376999999999923  
3289335634.99531078338623046875 0.10895539999999999392  0.00003311725000000000  0.05045366999999999907  
2961468885.16821813583374023438 0.10373809999999999976  0.00003357598000000000  0.04851333000000000034  
2639753094.75758409500122070312 0.09859080000000000621  0.00003433580000000000  0.04669290000000000246  
2329574556.68603515625000000000 0.09365766000000000369  0.00003557943000000000  0.04515253000000000322  
2035385590.43175578117370605469 0.08907782000000000200  0.00003758794000000000  0.04409914000000000195  
1760654688.00757789611816406250 0.08496283999999999781  0.00004079559000000000  0.04379791999999999713  
1507851375.13494539260864257812 0.08130529000000000228  0.00004572433000000000  0.04444352000000000025  
1278497630.20080661773681640625 0.07806420999999999499  0.00005331947000000000  0.04639804000000000150  
1073243827.92826592922210693359 0.07494251000000000384  0.00006449053000000000  0.04969687999999999883  
891977658.35608422756195068359 0.07167930000000000135  0.00008095809000000000  0.05461379000000000233  
733950059.96755897998809814453 0.06789272999999999836  0.00010406880000000000  0.06075959999999999694  
597910513.85755789279937744141 0.06341499999999999915  0.00013572410000000000  0.06777429000000000092  
482239622.10619807243347167969 0.05826931999999999945  0.00017832549999999999  0.07522481000000000306  
385076087.77510178089141845703 0.05266479999999999773  0.00023392230000000001  0.08236574000000000673  
304429857.23865395784378051758 0.04697657999999999695  0.00030410550000000000  0.08839977999999999725  
238278782.88877156376838684082 0.04165210999999999913  0.00038962770000000000  0.09263151000000000024  
184646087.13394728302955627441 0.03710465000000000291  0.00049007390000000003  0.09458764000000000061  
141661575.40304148197174072266 0.03352473000000000258  0.00060371310000000001  0.09416288000000000435  
107602185.23280374705791473389 0.03070700999999999986  0.00072730400000000001  0.09168990000000000473  
80918379.88497082889080047607 0.02817354000000000039  0.00085589510000000000  0.08778208999999999318  
60246286.29613883793354034424 0.02563587999999999978  0.00098347970000000002  0.08290910999999999420  
44408939.49492777884006500244 0.02317326999999999929  0.00110467800000000000  0.07723030000000000173  
32409160.29885199293494224548 0.02099915999999999935  0.00121649999999999992  0.07079510999999999443  
23416507.68557067215442657471 0.01921915000000000082  0.00131543999999999997  0.06362416999999999379  
16750716.54770915955305099487 0.01779812000000000061  0.00139526499999999992  0.05576220999999999955  
11863198.92968587763607501984 0.01653910999999999923  0.00146941299999999993  0.04795105999999999674  
8318159.66957424953579902649 0.01517543000000000017  0.00153719500000000010  0.04019870999999999861  
5774437.41305191256105899811 0.01356351000000000084  0.00159120799999999999  0.03246414000000000244  
3968709.79779511876404285431 0.01180119999999999954  0.00162625899999999991  0.02538427999999999865  
2700511.82463673455640673637 0.01012518999999999919  0.00165766000000000004  0.01986330000000000040  
