964398356225.27648925781250000000 2.74350700000000014001  0.00002834016000000000  0.13145319999999999228  
959588430557.03564453125000000000 2.74120799999999986696  0.00002837993000000000  0.13133670000000000067  
945302055763.71203613281250000000 2.73446599999999984121  0.00002850262000000000  0.13098989999999999245  
921962448099.11352539062500000000 2.72368699999999996919  0.00002871828000000000  0.13043160000000000864  
890252031273.44860839843750000000 2.70965699999999998226  0.00002904427000000000  0.12968799999999999772  
851078636570.52917480468750000000 2.69333700000000009211  0.00002950589000000000  0.12879640000000000533  
805533301101.57165527343750000000 2.67587200000000002831  0.00003013727000000000  0.12780739999999998768  
754839066995.59326171875000000000 2.65852200000000005176  0.00003098239000000000  0.12677009999999999668  
700296973015.01257324218750000000 2.64229899999999995330  0.00003209246000000000  0.12573439999999999617  
643231454353.64855957031250000000 2.62786900000000001043  0.00003352668000000000  0.12474630000000000440  
584937129689.91577148437500000000 2.61542699999999994631  0.00003535227000000000  0.12383969999999999700  
526633412400.88946533203125000000 2.60412299999999996558  0.00003763323000000000  0.12302810000000000135  
469423094165.27685546875000000000 2.59247700000000014242  0.00004043667000000000  0.12231259999999999355  
414264351756.05847167968750000000 2.57800099999999998701  0.00004381679000000000  0.12166509999999999825  
361949356828.11083984375000000000 2.55806699999999986872  0.00004782727000000000  0.12105670000000000319  
313094295599.63250732421875000000 2.53093600000000007455  0.00005255039000000000  0.12048830000000000651  
268138733320.11032104492187500000 2.49391700000000016146  0.00005802816000000000  0.11991570000000000007  
227353216405.82662963867187500000 2.45454000000000016612  0.00006477040000000001  0.11972389999999999421  
190853197072.96273803710937500000 2.42294499999999990436  0.00007371730999999999  0.12052039999999999975  
158618901004.44723510742187500000 2.43396299999999987662  0.00008814652000000000  0.12443569999999999631  
130517129820.36550903320312500000 2.53466300000000011039  0.00011548669999999999  0.13548450000000000770  
106325431870.62342834472656250000 2.78842100000000003845  0.00017439940000000000  0.16203929999999999723  
85755862786.03669738769531250000 3.24810400000000010223  0.00031006040000000000  0.21837490000000001067  
68477447299.72708892822265625000 3.92462599999999994793  0.00061538149999999998  0.31662580000000001279  
54136270324.77946472167968750000 4.79721799999999998221  0.00123637700000000009  0.45548689999999997235  
42372708010.29307556152343750000 5.81292899999999956862  0.00239774500000000017  0.63146530000000000715  
32835315616.27233123779296875000 6.88222600000000017673  0.00447433399999999995  0.84149790000000002088  
25191445368.62502670288085937500 7.83308900000000019048  0.00794637899999999994  1.05472000000000010189  
19134721477.49858474731445312500 8.65116800000000019111  0.01345341000000000072  1.27228399999999997050  
14389582896.39976882934570312500 9.27044099999999993145  0.02171390000000000126  1.48411899999999996602  
10713498275.80463027954101562500 9.62859399999999965303  0.03346530999999999811  1.67968000000000006189  
7897169593.61148071289062500000 9.67618299999999997851  0.04936228000000000143  1.84951200000000004486  
5763266144.45832252502441406250 9.37804399999999915849  0.06982489999999999530  1.98444599999999993223  
4164118453.84589195251464843750 8.69033300000000075158  0.09411867000000000150  2.06513999999999997570  
2978752248.32109355926513671875 7.59827500000000011227  0.11899840000000000417  2.06036099999999988697  
2109612955.11542844772338867188 6.25993499999999958305  0.14493849999999999789  1.99388699999999996493  
1479204619.01569461822509765625 4.77104800000000039972  0.16931899999999999729  1.85831300000000010364  
1026858783.95571160316467285156 3.29215999999999997527  0.18610119999999999441  1.64607999999999998764  
705749021.23597717285156250000 2.02547899999999980736  0.18839490000000000403  1.37511600000000000499  
480227471.65659141540527343750 1.07118599999999997152  0.17426079999999999348  1.08986200000000010846  
