5423211331.14161205291748046875 0.14883279999999998733  0.00003047032000000000  0.06360594999999999444  
5396161578.56515121459960937500 0.14844099999999998962  0.00003047229000000000  0.06348149000000000153  
5315824648.35585594177246093750 0.14727529999999999788  0.00003047839000000000  0.06310641000000000167  
5184576044.31174850463867187500 0.14535210000000001185  0.00003048945000000000  0.06248887000000000191  
5006254059.92820930480957031250 0.14271459999999999702  0.00003050701000000000  0.06162762000000000101  
4785967805.14269161224365234375 0.13941249999999999476  0.00003053395000000000  0.06052975000000000022  
4529847234.59679222106933593750 0.13550809999999999245  0.00003057540000000000  0.05920970999999999873  
4244771089.47422695159912109375 0.13108110000000000595  0.00003064029000000000  0.05768336999999999770  
3938058712.93845319747924804688 0.12622189999999999799  0.00003074384000000000  0.05597887000000000002  
3617156141.86703920364379882812 0.12103350000000000219  0.00003091178000000000  0.05414014999999999800  
3289344033.33797264099121093750 0.11563460000000000405  0.00003118744000000000  0.05222964000000000079  
2961477593.00808382034301757812 0.11015610000000000679  0.00003164098000000000  0.05033999000000000112  
2639760604.31203317642211914062 0.10474709999999999577  0.00003238646000000000  0.04860385999999999873  
2329581053.66958332061767578125 0.09956141999999999770  0.00003360159000000000  0.04719762000000000263  
2035390996.87976670265197753906 0.09475218000000000529  0.00003556179000000000  0.04635113999999999901  
1760658842.16481614112854003906 0.09044931999999999972  0.00003869613000000000  0.04635787000000000241  
1507855008.30724835395812988281 0.08664681999999999940  0.00004353287000000000  0.04744609000000000326  
1278500738.29335880279541015625 0.08331531999999999827  0.00005104085000000000  0.05002728000000000036  
1073246300.19014894962310791016 0.08013626999999999556  0.00006221078000000000  0.05416092000000000128  
891979686.76019060611724853516 0.07682160000000000377  0.00007894268000000000  0.06018932999999999922  
733951703.29561245441436767578 0.07292500000000000371  0.00010293790000000000  0.06772288999999999393  
597911910.28025329113006591797 0.06822844999999999605  0.00013668670000000001  0.07640233000000000441  
482240618.16158020496368408203 0.06272713000000000594  0.00018346829999999999  0.08577745999999999982  
385076933.99882215261459350586 0.05665251999999999788  0.00024632250000000000  0.09498868000000000589  
304430726.50633269548416137695 0.05047266999999999726  0.00032752330000000002  0.10303360000000000296  
238279300.66603580117225646973 0.04476803000000000032  0.00042769610000000001  0.10893629999999999980  
184646524.92265856266021728516 0.04004775000000000001  0.00054545030000000005  0.11195289999999999409  
141661916.38674244284629821777 0.03649460000000000204  0.00067796760000000001  0.11184239999999999460  
107602441.69863022863864898682 0.03380166999999999894  0.00082179840000000002  0.10902149999999999341  
80918566.74188497662544250488 0.03141112000000000071  0.00097299799999999998  0.10429180000000000395  
60246428.83340486139059066772 0.02900379000000000151  0.00112729200000000001  0.09828989000000000475  
44409062.26069019734859466553 0.02659318000000000098  0.00128078400000000009  0.09134493999999999947  
32409237.28172840923070907593 0.02430548999999999904  0.00143047800000000000  0.08366785999999999668  
23416555.47920582070946693420 0.02219625000000000070  0.00157018600000000011  0.07537423999999999513  
16750755.52726705372333526611 0.02026481000000000116  0.00168853699999999994  0.06650707000000000146  
11863226.57316043227910995483 0.01849891999999999856  0.00179924399999999997  0.05787881000000000276  
8318177.94541369285434484482 0.01681198000000000067  0.00190124799999999991  0.04973910000000000137  
5774452.38333707023411989212 0.01516185999999999923  0.00198630399999999993  0.04211034999999999778  
3968718.50466117169708013535 0.01354184999999999937  0.00204754699999999982  0.03504121000000000319  
2700516.47185371397063136101 0.01196209999999999982  0.00210137400000000004  0.02888044000000000028  
