171496977558215.12500000000000000000 0.00000094230130000000  0.00000092310370000000  2.02169700000000007734  
170641639330215.12500000000000000000 0.00000095928110000000  0.00000094083880000000  2.03976500000000005031  
168101114805315.03125000000000000000 0.00000101044000000000  0.00000099414120000000  2.09278200000000014214  
163950683766214.90625000000000000000 0.00000109503100000000  0.00000108268300000000  2.17653900000000000148  
158311681742414.71875000000000000000 0.00000121205700000000  0.00000120597300000000  2.28501500000000001833  
151345568269114.46875000000000000000 0.00000136173200000000  0.00000136374100000000  2.41121100000000021524  
143246316673114.21875000000000000000 0.00000154106400000000  0.00000155389200000000  2.54769800000000001816  
134231470185013.85937500000000000000 0.00000174969000000000  0.00000177523800000000  2.68750299999999997524  
124532375033413.48437500000000000000 0.00000198433500000000  0.00000202448800000000  2.82414999999999993818  
114384505317713.12500000000000000000 0.00000224485600000000  0.00000230033600000000  2.95364100000000018298  
104018185329912.76562500000000000000 0.00000253349400000000  0.00000260543900000000  3.07699500000000014666  
93650116014012.50000000000000000000 0.00000286694900000000  0.00000295779500000000  3.20711199999999996280  
83476542500312.45312500000000000000 0.00000329793700000000  0.00000341830800000000  3.38602699999999989799  
73667783270412.98437500000000000000 0.00000396791000000000  0.00000415210500000000  3.72181400000000017769  
64364721574914.85937500000000000000 0.00000519830800000000  0.00000554977100000000  4.48151299999999963575  
55676913527120.16406250000000000000 0.00000764496600000000  0.00000844774200000000  6.35216400000000014359  
47682566949532.21093750000000000000 0.00001240351000000000  0.00001432052000000000  10.45065999999999917236  
40429732413255.18750000000000000000 0.00002166643000000000  0.00002611376000000000  18.17805999999999855277  
33939031524791.19921875000000000000 0.00003886429000000000  0.00004830132000000000  30.23585999999999884835  
28206870536140.16406250000000000000 0.00007019748000000000  0.00008876915000000000  46.59602000000000288082  
23209600970196.09765625000000000000 0.00012182080000000000  0.00015529420000000001  65.26216999999999757165  
18907632397252.89062500000000000000 0.00020011359999999999  0.00025586009999999999  84.19951000000000362888  
15249789409305.68750000000000000000 0.00031184179999999999  0.00039896989999999998  101.78759999999999763531  
12177204463350.22265625000000000000 0.00046165630000000001  0.00059065050000000003  116.60899999999999465672  
9626941882383.79101562500000000000 0.00065143259999999995  0.00083340020000000005  127.76000000000000511591  
7535051002805.73437500000000000000 0.00088203160000000001  0.00112833500000000006  135.02240000000000463842  
5839036631818.67089843750000000000 0.00116434400000000010  0.00148936699999999990  139.26879999999999881766  
4479742414631.16406250000000000000 0.00155859899999999992  0.00199348799999999986  143.33930000000000859472  
3402688200462.30322265625000000000 0.00229071199999999987  0.00292946199999999986  153.54140000000001009539  
2558869906340.61621093750000000000 0.00404918099999999979  0.00517691400000000034  179.21709999999998785825  
1905159430090.81762695312500000000 0.00864644799999999929  0.01104878999999999931  228.16069999999999140528  
1404337631721.66162109375000000000 0.02031977999999999909  0.02593807000000000057  302.24509999999997944542  
1024869876431.02197265625000000000 0.04801413999999999682  0.06115932000000000313  398.53350000000000363798  
740496594319.57836914062500000000 0.10693339999999999790  0.13562799999999999856  506.74340000000000827640  
529705431927.89080810546875000000 0.21189489999999999714  0.26655610000000001802  603.28859999999997398845  
375148149990.35516357421875000000 0.40359250000000002068  0.49908730000000001148  696.66340000000002419256  
263043834651.03848266601562500000 0.75588809999999995171  0.90076279999999997461  781.42840000000001055014  
182604198482.78591918945312500000 1.41394299999999994988  1.55719000000000007411  839.13250000000005002221  
125501915055.45590209960937500000 2.79335099999999991738  2.61883700000000008146  852.24000000000000909495  
85397848271.13464355468750000000 7.74737100000000022959  5.00778099999999959380  848.09339999999997417035  
