964492754174.44396972656250000000 324.44310000000001537046 
959682228838.30163574218750000000 323.62189999999998235580 
945394456944.72119140625000000000 321.17090000000001737135 
922052653408.34484863281250000000 317.16669999999999163265 
890339041044.36645507812500000000 311.71050000000002455636 
851161851499.60375976562500000000 304.95019999999999527063 
805611922072.64111328125000000000 297.05930000000000745786 
754912893085.30871582031250000000 288.21080000000000609361 
700365404486.80529785156250000000 278.59440000000000736691 
643294290323.74108886718750000000 268.36450000000002091838 
584994376935.00830078125000000000 257.64920000000000754881 
526684871611.28344726562500000000 246.51279999999999859028 
469468971053.82672119140625000000 234.98959999999999581632 
414304852533.31933593750000000000 223.06530000000000768523 
361984888787.12176513671875000000 210.73290000000000077307 
313124865392.24792480468750000000 198.04349999999999454303 
268164947415.06048583984375000000 185.01089999999999236024 
227375277754.02041625976562500000 172.11490000000000577529 
190871847445.53881835937500000000 159.86699999999999022293 
158634418039.03732299804687500000 149.61730000000000018190 
130529892126.49105834960937500000 142.73550000000000181899 
106335829453.40617370605468750000 140.43119999999998981366 
85764258716.32943725585937500000 142.65110000000001377884 
68484147827.39303588867187500000 147.49160000000000536602 
54141564170.46353912353515625000 152.08090000000001396074 
42376860584.13838958740234375000 153.76779999999999404281 
32838522708.91532897949218750000 150.78739999999999099600 
25193915219.39437103271484375000 142.39699999999999135980 
19136591440.20327377319335937500 128.88390000000001123226 
14390988339.49063110351562500000 111.52079999999999415650 
10714545013.83736038208007812500 92.35802999999999940428 
7897941819.55472660064697265625 73.69341000000000008185 
5763829996.95687770843505859375 57.33908999999999878128 
4164525429.55587387084960937500 44.12827999999999661895 
2979043051.44441461563110351562 33.98158999999999707597 
2109819097.67065548896789550781 26.53052999999999883585 
1479349201.57356762886047363281 21.14343999999999823558 
1026959297.27979207038879394531 17.18779999999999930083 
705818113.20774066448211669922 14.20707999999999948670 
480274364.15623873472213745117 12.27047999999999916554 
