5423741343.91619491577148437500 1.86284800000000005937 
5396689603.57232856750488281250 1.86064399999999996460 
5316342815.14227676391601562500 1.85414999999999996483 
5185082298.74860763549804687500 1.84364499999999997826 
5006744210.37170410156250000000 1.82970000000000010409 
4786435525.81435108184814453125 1.81299399999999999444 
4530289989.57147598266601562500 1.79453799999999996651 
4245186085.60572671890258789062 1.77544999999999997264 
3938444963.54032516479492187500 1.75712299999999999045 
3617508444.79300451278686523438 1.74100499999999991374 
3289665032.90558147430419921875 1.72837900000000010969 
2961765758.66648244857788085938 1.71997599999999994935 
2640018306.36135005950927734375 1.71496800000000004793 
2329808597.38574361801147460938 1.71053999999999994941 
2035590702.24297332763671875000 1.70089700000000010327 
1760830910.16819953918457031250 1.67846000000000006303 
1508002306.02476620674133300781 1.63814299999999990476 
1278625717.20717859268188476562 1.57555000000000000604 
1073351343.24060142040252685547 1.49346800000000001774 
892066803.21115481853485107422 1.39393999999999995687 
734023562.73798155784606933594 1.28690100000000007263 
597970364.08607113361358642578 1.18032000000000003581 
482287747.36528807878494262695 1.07963399999999998258 
385114559.82857632637023925781 0.98857740000000005054 
304460467.05429631471633911133 0.90710570000000001478 
238302532.07028460502624511719 0.83271209999999995510 
184664566.62183663249015808105 0.76180899999999995842 
141675751.16633516550064086914 0.69088539999999998287 
107612949.41268110275268554688 0.61734820000000001361 
80926480.71823653578758239746 0.54031039999999996848 
60252317.99825161695480346680 0.46112059999999999160 
44413398.26395455002784729004 0.38322289999999997745 
32412400.91209073737263679504 0.31097190000000002330 
23418849.50611870735883712769 0.24787059999999999649 
16752392.92949393764138221741 0.19535050000000001025 
11864384.26229128427803516388 0.15355920000000000680 
8318992.38295441959053277969 0.12109649999999999581 
5775015.43987252749502658844 0.09599180000000000212 
3969105.96623188396915793419 0.07644478000000000384 
2700780.97065256442874670029 0.06138281000000000293 
