171513744313914.90625000000000000000 85.40443999999999391548 
170658321617784.62500000000000000000 85.60541999999999518423 
168117550397483.56250000000000000000 86.18873000000000672571 
163966702551808.12500000000000000000 87.09390999999999394277 
158327149448043.78125000000000000000 88.22700000000000386535 
151360347119838.21875000000000000000 89.46483999999999525699 
143260320070285.65625000000000000000 90.66776000000000124146 
134244584166927.03125000000000000000 91.69442999999999699412 
124544545215419.20312500000000000000 92.40797999999999490228 
114395701019569.71875000000000000000 92.71096000000000003638 
104028341712010.28125000000000000000 92.59301000000000669843 
93659271856222.40625000000000000000 92.20216999999999529791 
83484701004063.48437500000000000000 92.04112000000000648470 
73674990204494.76562500000000000000 93.20857999999999776719 
64371020937309.82812500000000000000 97.55934999999999490683 
55682370578267.50781250000000000000 107.24639999999999417923 
47687210557232.50000000000000000000 122.90810000000000457021 
40433690040303.46093750000000000000 144.22829999999999017746 
33942340484693.37500000000000000000 173.11820000000000163709 
28209620479265.59765625000000000000 206.08449999999999135980 
23211867489386.02734375000000000000 240.28049999999998931344 
18909481147542.69531250000000000000 275.43669999999997344275 
15251279511404.57226562500000000000 309.82530000000002701199 
12178394270341.02734375000000000000 340.13850000000002182787 
9627882991700.18554687500000000000 364.22870000000000345608 
7535787181647.70214843750000000000 381.99090000000001055014 
5839606390271.60253906250000000000 396.55709999999999126885 
4480181586313.45019531250000000000 418.03239999999999554348 
3403021343111.40429687500000000000 457.23430000000001882654 
2559119416891.87548828125000000000 539.80560000000002673914 
1905345550895.89184570312500000000 692.29909999999995307007 
1404474835680.27490234375000000000 920.05510000000003856258 
1024970015459.12255859375000000000 1167.25800000000003819878 
740568900783.28735351562500000000 1411.80799999999999272404 
529757067964.15875244140625000000 1573.47399999999993269739 
375184771471.08154296875000000000 1661.62799999999992905941 
263069657063.79446411132812500000 1697.82899999999995088729 
182622050110.97076416015625000000 1662.86500000000000909495 
125514184335.18173217773437500000 1518.85899999999992360245 
85406199834.29598999023437500000 1349.81400000000007821654 
