171514101589868.43750000000000000000 16153120000.00000000000000000000  20452540000.00000000000000000000  52733620.00000000000000000000  85740690000000.00000000000000000000  
170658669472008.53125000000000000000 16095190000.00000000000000000000  20350580000.00000000000000000000  53502500.00000000000000000000  85313030000000.00000000000000000000  
168117896419018.87500000000000000000 15913200000.00000000000000000000  20047810000.00000000000000000000  55750970.00000000000000000000  84042820000000.00000000000000000000  
163967049300589.37500000000000000000 15611080000.00000000000000000000  19553200000.00000000000000000000  59308360.00000000000000000000  81967690000000.00000000000000000000  
158327475496640.03125000000000000000 15183260000.00000000000000000000  18881300000.00000000000000000000  63894610.00000000000000000000  79148320000000.00000000000000000000  
151360657423730.78125000000000000000 14631910000.00000000000000000000  18051380000.00000000000000000000  69130840.00000000000000000000  75665450000000.00000000000000000000  
143260623819391.56250000000000000000 13962480000.00000000000000000000  17086570000.00000000000000000000  74566060.00000000000000000000  71616090000000.00000000000000000000  
134244855947082.37500000000000000000 13186700000.00000000000000000000  16012730000.00000000000000000000  79721690.00000000000000000000  67108970000000.00000000000000000000  
124544802890333.12500000000000000000 12320170000.00000000000000000000  14857380000.00000000000000000000  84120440.00000000000000000000  62259800000000.00000000000000000000  
114395925583563.76562500000000000000 11384120000.00000000000000000000  13648490000.00000000000000000000  87405950.00000000000000000000  57186290000000.00000000000000000000  
104028554097984.34375000000000000000 10403720000.00000000000000000000  12413440000.00000000000000000000  89492090.00000000000000000000  52003580000000.00000000000000000000  
93659456957634.85937500000000000000 9412261000.00000000000000000000  11178070000.00000000000000000000  90770240.00000000000000000000  46820020000000.00000000000000000000  
83484877648935.53125000000000000000 8448154000.00000000000000000000  9965918000.00000000000000000000  92611840.00000000000000000000  41733690000000.00000000000000000000  
73675151635596.81250000000000000000 7561975000.00000000000000000000  8797733000.00000000000000000000  97947160.00000000000000000000  36829700000000.00000000000000000000  
64371150795019.58593750000000000000 6807563000.00000000000000000000  7691202000.00000000000000000000  111692400.00000000000000000000  32178420000000.00000000000000000000  
55682472261725.35937500000000000000 6219450000.00000000000000000000  6660678000.00000000000000000000  139280000.00000000000000000000  27834600000000.00000000000000000000  
47687311795836.02343750000000000000 5766102000.00000000000000000000  5715161000.00000000000000000000  178283400.00000000000000000000  23837370000000.00000000000000000000  
40433769005254.17187500000000000000 5380015000.00000000000000000000  4851707000.00000000000000000000  212327200.00000000000000000000  20210870000000.00000000000000000000  
33942414427668.27343750000000000000 4623401000.00000000000000000000  4065857000.00000000000000000000  213804600.00000000000000000000  16965870000000.00000000000000000000  
28209684023386.05468750000000000000 3842940000.00000000000000000000  3378740000.00000000000000000000  183159400.00000000000000000000  14100240000000.00000000000000000000  
23211915927403.20703125000000000000 3161875000.00000000000000000000  2780373000.00000000000000000000  145230100.00000000000000000000  11602000000000.00000000000000000000  
18909518798019.60156250000000000000 2575490000.00000000000000000000  2265346000.00000000000000000000  111153300.00000000000000000000  9451349000000.00000000000000000000  
15251311657544.52929687500000000000 2076902000.00000000000000000000  1827432000.00000000000000000000  82032470.00000000000000000000  7622707000000.00000000000000000000  
12178419908996.96093750000000000000 1658107000.00000000000000000000  1459567000.00000000000000000000  57724950.00000000000000000000  6086651000000.00000000000000000000  
9627903214836.16796875000000000000 1310536000.00000000000000000000  1154205000.00000000000000000000  37931560.00000000000000000000  4811724000000.00000000000000000000  
7535803401172.03808593750000000000 1025479000.00000000000000000000  903683100.00000000000000000000  22235670.00000000000000000000  3765957000000.00000000000000000000  
5839619136355.66894531250000000000 794416900.00000000000000000000  700519100.00000000000000000000  10058130.00000000000000000000  2918103000000.00000000000000000000  
4480190098398.18652343750000000000 609311900.00000000000000000000  537597000.00000000000000000000  1466142.00000000000000000000  2238563000000.00000000000000000000  
3403027245123.96386718750000000000 462705300.00000000000000000000  408255700.00000000000000000000  207109.10000000000582076609  1700015000000.00000000000000000000  
2559125318123.85156250000000000000 347639800.00000000000000000000  306693800.00000000000000000000  94760.28999999999359715730  1277959000000.00000000000000000000  
1905349478684.16040039062500000000 258086100.00000000000000000000  227601300.00000000000000000000  62386.87000000000261934474  950779900000.00000000000000000000  
1404477736226.45678710937500000000 188796200.00000000000000000000  166365900.00000000000000000000  51460.13999999999941792339  699854300000.00000000000000000000  
1024972137334.80798339843750000000 135518800.00000000000000000000  119302100.00000000000000000000  49373.11000000000058207661  509436800000.00000000000000000000  
740570328999.83312988281250000000 95287710.00000000000000000000  83855600.00000000000000000000  51248.88999999999941792339  366473800000.00000000000000000000  
529758237308.72540283203125000000 65957760.00000000000000000000  58240480.00000000000000000000  53236.31999999999970896170  260382800000.00000000000000000000  
375185571415.43902587890625000000 45113650.00000000000000000000  40426860.00000000000000000000  54237.63999999999941792339  182426600000.00000000000000000000  
263070142811.41357421875000000000 30331220.00000000000000000000  28354680.00000000000000000000  52845.06999999999970896170  125754300000.00000000000000000000  
182622429520.95346069335937500000 19450960.00000000000000000000  20039100.00000000000000000000  48408.41000000000349245965  85108340000.00000000000000000000  
125514440789.30287170410156250000 11316870.00000000000000000000  14118470.00000000000000000000  41361.87000000000261934474  56454680000.00000000000000000000  
85406365880.28955078125000000000 5330775.00000000000000000000  9869533.00000000000000000000  33542.33999999999650754035  36410640000.00000000000000000000  
