964494621788.92248535156250000000 2760.42000000000007275958  69677220.00000000000000000000  10654.19000000000050931703  482212600000.00000000000000000000  
959684300156.14843750000000000000 2753.34499999999979991117  69301900.00000000000000000000  10624.64999999999963620212  479807500000.00000000000000000000  
945396342751.79943847656250000000 2732.36599999999998544808  68185550.00000000000000000000  10537.19000000000050931703  472663700000.00000000000000000000  
922054361848.67749023437500000000 2698.33300000000008367351  66352240.00000000000000000000  10395.51000000000021827873  460993000000.00000000000000000000  
890340780855.87316894531250000000 2652.57000000000016370905  63845930.00000000000000000000  10205.09000000000014551915  445136600000.00000000000000000000  
851163631959.27111816406250000000 2596.86299999999982901500  60726300.00000000000000000000  9973.36599999999998544808  425548500000.00000000000000000000  
805613551229.82446289062500000000 2533.37300000000004729372  57066780.00000000000000000000  9709.21299999999973806553  402774000000.00000000000000000000  
754914379151.02648925781250000000 2464.53200000000015279511  52955210.00000000000000000000  9422.17200000000048021320  377425000000.00000000000000000000  
700366757885.09570312500000000000 2392.81800000000021100277  48495380.00000000000000000000  9121.32799999999951978680  350151800000.00000000000000000000  
643295506719.81958007812500000000 2320.46199999999998908606  43804090.00000000000000000000  8814.45399999999972351361  321616800000.00000000000000000000  
584995662147.42700195312500000000 2249.53900000000021464075  39005590.00000000000000000000  8507.57400000000052386895  292467500000.00000000000000000000  
526685820466.61572265625000000000 2181.42000000000007275958  34233860.00000000000000000000  8202.67200000000048021320  263313200000.00000000000000000000  
469469976656.46673583984375000000 2116.88999999999987267074  29616900.00000000000000000000  7898.91799999999966530595  234705900000.00000000000000000000  
414305702461.01849365234375000000 2055.77599999999983992893  25273530.00000000000000000000  7591.10800000000017462298  207124400000.00000000000000000000  
361985565277.41058349609375000000 1997.31400000000007821654  21297750.00000000000000000000  7272.13400000000001455192  180965000000.00000000000000000000  
313125547758.71710205078125000000 1940.89799999999991086952  17746420.00000000000000000000  6936.76100000000042200554  156535700000.00000000000000000000  
268165413731.11077880859375000000 1884.21499999999991814548  14656190.00000000000000000000  6575.26199999999971623765  134056400000.00000000000000000000  
227375912387.11184692382812500000 1833.84799999999995634425  11976760.00000000000000000000  6210.74399999999968713382  113662400000.00000000000000000000  
190872226700.71127319335937500000 1798.91699999999991632649  9664341.00000000000000000000  5868.43900000000030559022  95411190000.00000000000000000000  
158634726541.54055786132812500000 1812.11799999999993815436  7632770.00000000000000000000  5626.35599999999976716936  79292620000.00000000000000000000  
130530146591.82643127441406250000 1907.36899999999991450750  5938931.00000000000000000000  5515.87899999999990541255  65239600000.00000000000000000000  
106336049423.67041015625000000000 2076.86400000000003274181  4826416.00000000000000000000  5406.23700000000008003553  53140240000.00000000000000000000  
85764421541.98260498046875000000 2245.77399999999988722266  4393274.00000000000000000000  5072.37500000000000000000  42849880000.00000000000000000000  
68484288940.46970367431640625000 2425.88000000000010913936  4219692.00000000000000000000  4620.89099999999962165020  34202800000.00000000000000000000  
54141674218.91597747802734375000 2636.65099999999983992893  3979279.00000000000000000000  4181.90800000000035652192  27022230000.00000000000000000000  
42376939286.38394927978515625000 2838.77799999999979263521  3602828.00000000000000000000  3761.29199999999991632649  21128880000.00000000000000000000  
32838591811.16413497924804687500 2972.65999999999985448085  3119164.00000000000000000000  3344.95299999999997453415  16347730000.00000000000000000000  
25193969450.00539398193359375000 2975.16800000000012005330  2591445.00000000000000000000  2920.77599999999983992893  12513280000.00000000000000000000  
19136630102.64460372924804687500 2802.36400000000003274181  2079865.00000000000000000000  2484.98199999999997089617  9473148000.00000000000000000000  
14391018208.88159942626953125000 2460.09000000000014551915  1623020.00000000000000000000  2047.31799999999998362910  7090310000.00000000000000000000  
10714567266.35316276550292968750 2015.33899999999994179234  1237809.00000000000000000000  1629.21399999999994179234  5244061000.00000000000000000000  
7897957843.16565322875976562500 1564.82199999999988904165  926284.69999999995343387127  1255.49700000000007094059  3830133000.00000000000000000000  
5763841543.32271957397460937500 1183.79400000000009640644  682195.19999999995343387127  943.71870000000001255103  2760024000.00000000000000000000  
4164532734.95111608505249023438 899.76220000000000709406  495554.29999999998835846782  697.99350000000004001777  1960355000.00000000000000000000  
2979049176.27761602401733398438 702.59950000000003456080  355588.29999999998835846782  511.05299999999999727152  1371462000.00000000000000000000  
2109823596.31771469116210937500 573.91459999999995034159  252325.10000000000582076609  371.28329999999999699867  942405700.00000000000000000000  
1479352115.07267022132873535156 492.52260000000001127773  177149.79999999998835846782  266.17039999999997235136  634066900.00000000000000000000  
1026961453.48620283603668212891 433.90719999999998890416  123082.10000000000582076609  185.81350000000000477485  416408500.00000000000000000000  
705819430.88899874687194824219 367.25639999999998508429  84640.94999999999708961695  123.90680000000000404725  266005200.00000000000000000000  
480275458.34236478805541992188 256.56189999999998008207  57615.18000000000029103830  74.60465000000000657110  163157700.00000000000000000000  
