5423751794.83667469024658203125 35769.44999999999708961695  648304.69999999995343387127  49.73946000000000111640  2709906000.00000000000000000000  
5396700980.43642616271972656250 35474.90000000000145519152  645076.50000000000000000000  49.63994000000000283990  2696389000.00000000000000000000  
5316354957.87570476531982421875 34605.06999999999970896170  635488.00000000000000000000  49.34138000000000090495  2656241000.00000000000000000000  
5185092975.91831970214843750000 33197.33000000000174622983  619822.69999999995343387127  48.85168000000000176897  2590651000.00000000000000000000  
5006753113.23386955261230468750 31316.00000000000000000000  598537.40000000002328306437  48.18066000000000315140  2501537000.00000000000000000000  
4786444199.92422485351562500000 29042.61000000000058207661  572240.80000000004656612873  47.34219000000000221462  2391452000.00000000000000000000  
4530297831.30768299102783203125 26474.29000000000087311491  541663.59999999997671693563  46.35560999999999864940  2263460000.00000000000000000000  
4245194299.30172395706176757812 23718.47000000000116415322  507625.59999999997671693563  45.23996000000000350383  2120999000.00000000000000000000  
3938452574.04115152359008789062 20884.18000000000029103830  470998.70000000001164153218  44.02002999999999843794  1967726000.00000000000000000000  
3617516275.77495956420898437500 18080.50999999999839928932  432670.79999999998835846782  42.71864999999999668034  1807360000.00000000000000000000  
3289671723.35585165023803710938 15407.85000000000036379788  393510.70000000001164153218  41.35985000000000155751  1643541000.00000000000000000000  
2961771811.75727939605712890625 12952.65999999999985448085  354335.70000000001164153218  39.96119999999999805596  1479692000.00000000000000000000  
2640024103.84523725509643554688 10783.85000000000036379788  315886.59999999997671693563  38.53773999999999944066  1318913000.00000000000000000000  
2329812460.66094732284545898438 8946.44000000000050931703  278806.90000000002328306437  37.08953000000000344016  1163892000.00000000000000000000  
2035594896.18814468383789062500 7459.93299999999999272404  243629.29999999998835846782  35.60875000000000056843  1016854000.00000000000000000000  
1760834434.29265022277832031250 6320.29200000000037107384  210769.00000000000000000000  34.07488000000000027967  879526500.00000000000000000000  
1508005424.34480023384094238281 5477.71100000000024010660  180523.89999999999417923391  32.48178000000000054115  753145200.00000000000000000000  
1278628232.38728356361389160156 4898.20899999999983265297  153078.29999999998835846782  30.83053999999999916781  638466700.00000000000000000000  
1073353482.67364048957824707031 4484.34900000000016007107  128513.30000000000291038305  29.16392000000000095383  535819500.00000000000000000000  
892068576.16187047958374023438 4188.55500000000029103830  106818.00000000000000000000  27.51845000000000140972  445146200.00000000000000000000  
734025061.80020058155059814453 3907.73199999999997089617  87904.53999999999359715730  25.94115000000000037517  366081500.00000000000000000000  
597971572.61798405647277832031 3595.88999999999987267074  71623.47000000000116415322  24.43581000000000003070  298006000.00000000000000000000  
482288892.90582507848739624023 3239.19399999999995998223  57779.94000000000232830644  22.98987999999999942702  240115500.00000000000000000000  
385115516.77091395854949951172 2834.75399999999990541255  46149.83000000000174622983  21.56657999999999830720  191487400.00000000000000000000  
304461000.90620303153991699219 2398.98000000000001818989  36493.97000000000116415322  20.12431000000000125283  151134000.00000000000000000000  
238302949.33813560009002685547 1958.95100000000002182787  28570.43000000000029103830  18.61978999999999828674  118049900.00000000000000000000  
184664938.67719814181327819824 1542.52600000000006730261  22143.68000000000029103830  17.01749999999999829470  91250170.00000000000000000000  
141676037.93746426701545715332 1172.24199999999996180122  16991.00999999999839928932  15.29749999999999943157  69799710.00000000000000000000  
107613174.61409540474414825439 861.33820000000002892193  12907.04999999999927240424  13.46510999999999924626  52834580.00000000000000000000  
80926643.86150275170803070068 613.83360000000004674803  9706.79900000000088766683  11.55864000000000046953  39575390.00000000000000000000  
60252442.51392678916454315186 426.03690000000000281943  7227.18999999999959982233  9.64972500000000010800  29334340.00000000000000000000  
44413485.03504367172718048096 289.53899999999998726707  5327.32600000000002182787  7.83166999999999990933  21516770.00000000000000000000  
32412467.80558527261018753052 193.89410000000000877662  3887.73999999999978172127  6.19471699999999980690  15618460.00000000000000000000  
23418886.57176779210567474365 128.48640000000000327418  2808.88900000000012369128  4.79803599999999974557  11220950.00000000000000000000  
16752425.38157335296273231506 84.31595000000000084128  2009.19299999999998362910  3.65786400000000000432  7982474.00000000000000000000  
11864409.22916214540600776672 55.74526999999999787860  1422.85799999999994724931  2.76308599999999993102  5620912.00000000000000000000  
8319007.66722294129431247711 37.25954999999999728288  997.59829999999999472493  2.07457499999999983586  3917937.00000000000000000000  
5775027.22129738237708806992 25.08848000000000055820  692.47450000000003456080  1.54803800000000002512  2704284.00000000000000000000  
3969115.70851869089528918266 16.94729999999999847660  475.88760000000002037268  1.14581899999999992090  1849177.00000000000000000000  
2700786.89111677743494510651 11.55868000000000073157  323.78789999999997917257  0.83972460000000004321  1251768.00000000000000000000  
