5423751794.83667469024658203125 1.85034499999999990649 
5396700980.43642616271972656250 1.84657300000000001994 
5316354957.87570476531982421875 1.83526699999999998170 
5185092975.91831970214843750000 1.81674099999999993926 
5006753113.23386955261230468750 1.79141599999999989734 
4786444199.92422485351562500000 1.75976200000000004842 
4530297831.30768299102783203125 1.72260499999999994181 
4245194299.30172395706176757812 1.68069800000000002527 
3938452574.04115152359008789062 1.63502499999999995062 
3617516275.77495956420898437500 1.58645999999999998131 
3289671723.35585165023803710938 1.53604500000000010473 
2961771811.75727939605712890625 1.48449199999999992272 
2640024103.84523725509643554688 1.43247999999999997556 
2329812460.66094732284545898438 1.38005899999999992467 
2035594896.18814468383789062500 1.32702300000000006364 
1760834434.29265022277832031250 1.27257599999999992946 
1508005424.34480023384094238281 1.21644700000000005602 
1278628232.38728356361389160156 1.15856800000000004225 
1073353482.67364048957824707031 1.10048699999999999299 
892068576.16187047958374023438 1.04359399999999991060 
734025061.80020058155059814453 0.98975210000000002353 
597971572.61798405647277832031 0.93914929999999996468 
482288892.90582507848739624023 0.89140470000000004980 
385115516.77091395854949951172 0.84514670000000002847 
304461000.90620303153991699219 0.79875240000000002905 
238302949.33813560009002685547 0.75044520000000003446 
184664938.67719814181327819824 0.69858569999999997613 
141676037.93746426701545715332 0.64187720000000003662 
107613174.61409540474414825439 0.57965440000000001408 
80926643.86150275170803070068 0.51231479999999995911 
60252442.51392678916454315186 0.44162990000000001967 
44413485.03504367172718048096 0.37078369999999999385 
32412467.80558527261018753052 0.30374210000000001486 
23418886.57176779210567474365 0.24396090000000000830 
16752425.38157335296273231506 0.19329080000000001260 
11864409.22916214540600776672 0.15246999999999999442 
8319007.66722294129431247711 0.12049609999999999488 
5775027.22129738237708806992 0.09564514000000000349 
3969115.70851869089528918266 0.07624277999999999611 
2700786.89111677743494510651 0.06127694000000000196 
