964494621788.92248535156250000000 335.48329999999998562998 
959684300156.14843750000000000000 334.53030000000001109584 
945396342751.79943847656250000000 331.69779999999997244231 
922054361848.67749023437500000000 327.06400000000002137313 
890340780855.87316894531250000000 320.75589999999999690772 
851163631959.27111816406250000000 312.94089999999999918145 
805613551229.82446289062500000000 303.81720000000001391527 
754914379151.02648925781250000000 293.60169999999999390639 
700366757885.09570312500000000000 282.50499999999999545253 
643295506719.81958007812500000000 270.72050000000001546141 
584995662147.42700195312500000000 258.41289999999997917257 
526685820466.61572265625000000000 245.69180000000000063665 
469469976656.46673583984375000000 232.63650000000001227818 
414305702461.01849365234375000000 219.28399999999999181455 
361985565277.41058349609375000000 205.67609999999999104148 
313125547758.71710205078125000000 191.90119999999998867679 
268165413731.11077880859375000000 178.01630000000000109139 
227375912387.11184692382812500000 164.44190000000000395630 
190872226700.71127319335937500000 151.61299999999999954525 
158634726541.54055786132812500000 140.63519999999999754436 
130530146591.82643127441406250000 132.76640000000000441105 
106336049423.67041015625000000000 129.67840000000001055014 
85764421541.98260498046875000000 132.21979999999999222382 
68484288940.46970367431640625000 138.11519999999998731255 
54141674218.91597747802734375000 143.92420000000001323315 
42376939286.38394927978515625000 146.87839999999999918145 
32838591811.16413497924804687500 145.17150000000000886757 
25193969450.00539398193359375000 138.04920000000001323315 
19136630102.64460372924804687500 125.78019999999999356532 
14391018208.88159942626953125000 109.54959999999999809006 
10714567266.35316276550292968750 91.26887999999999578904 
7897957843.16565322875976562500 73.15968999999999766715 
5763841543.32271957397460937500 57.08596000000000003638 
4164532734.95111608505249023438 43.99349000000000131649 
2979049176.27761602401733398438 33.89415999999999939973 
2109823596.31771469116210937500 26.46702000000000154500 
1479352115.07267022132873535156 21.09888000000000118916 
1026961453.48620283603668212891 17.16216000000000008185 
705819430.88899874687194824219 14.19332999999999955776 
480275458.34236478805541992188 12.20683999999999969077 
