171514101589868.43750000000000000000 79.65373999999999909960 
170658669472008.53125000000000000000 79.85302000000000077762 
168117896419018.87500000000000000000 80.46555999999999642114 
163967049300589.37500000000000000000 81.40572000000000230102 
158327475496640.03125000000000000000 82.60443999999999675765 
151360657423730.78125000000000000000 83.93927999999999656211 
143260623819391.56250000000000000000 85.27370000000000516138 
134244855947082.37500000000000000000 86.46622999999999592546 
124544802890333.12500000000000000000 87.38003999999999393822 
114395925583563.76562500000000000000 87.91031999999999868578 
104028554097984.34375000000000000000 88.04815999999999576175 
93659456957634.85937500000000000000 87.93264999999999531610 
83484877648935.53125000000000000000 88.08241999999999904958 
73675151635596.81250000000000000000 89.62859000000000264663 
64371150795019.58593750000000000000 94.50802000000000191449 
55682472261725.35937500000000000000 104.99280000000000256932 
47687311795836.02343750000000000000 121.83209999999999695319 
40433769005254.17187500000000000000 145.12319999999999708962 
33942414427668.27343750000000000000 179.14300000000000068212 
28209684023386.05468750000000000000 220.61850000000001159606 
23211915927403.20703125000000000000 263.49310000000002673914 
18909518798019.60156250000000000000 304.65499999999997271516 
15251311657544.52929687500000000000 341.70449999999999590727 
12178419908996.96093750000000000000 371.88310000000001309672 
9627903214836.16796875000000000000 393.28039999999998599378 
7535803401172.03808593750000000000 405.50240000000002282832 
5839619136355.66894531250000000000 410.95859999999998990461 
4480190098398.18652343750000000000 417.85390000000001009539 
3403027245123.96386718750000000000 444.75479999999998881322 
2559125318123.85156250000000000000 515.44029999999997926352 
1905349478684.16040039062500000000 650.67949999999996180122 
1404477736226.45678710937500000000 853.38509999999996580300 
1024972137334.80798339843750000000 1109.54899999999997817213 
740570328999.83312988281250000000 1376.74600000000009458745 
529758237308.72540283203125000000 1575.16599999999993997335 
375185571415.43902587890625000000 1708.50299999999992905941 
263070142811.41357421875000000000 1756.01299999999991996447 
182622429520.95346069335937500000 1695.83400000000006002665 
125514440789.30287170410156250000 1531.61500000000000909495 
85406365880.28955078125000000000 1350.32099999999991268851 
